2231
2274
2517
2623
2626
2787
2907 (is a area)
2936?
2937?
3001
3071
3072
3091
3092
3118
3126
3128
3240
3246
3247
3323
3327
3336
3441
3495
3519
3596
3735
3912
3915
3991
3998-3999 (8mp busway p'n'r)
4002
4071
4089
4204
4225
4266
4347
4566
4758
4867
4869
4870
4880
4985
5015
5029
5081
5448
5480-5481
5585
3650
5727
5745
5765
5777
5780
5802
5838.5839
5859
5905
5942
5955,5956
6009
6047
6088
6153,6154
6191
6192
6196
6207,6208,6209
6594
10065
10097
10140
10274
10375
10447
10469
10485
10501
10563
10703
10709
10723
10731
10733 10734
10737
10739, 10740, 10741
10756,10757
10794 (roma st busway)
10798, 10799 (pa hospital)
10802 (cultural centre)
10838
10841 10842 10843
10845 
10866 (cultural centre)
10880
10896
10908, 10910 (redeemer college)
19030 (wrong coords?)
10946
10950
10956
not10984
11002
11043
11044
11065
11066
11103
11140
11144
11160 (clem7)
11168 (cultural centre)
11174, 11175
11203
11209, 11210, 11211, 12113, 11238 (richlands)
11219
11232
11239
11252-11255
11263
11271-11272 (lutwyche busway)
11273?
11284-11285
11291
11307, 11317
11310
11318
11320-11322
11327
11328 (toombul)
11328 (shorncliffe)
11330,11340 (deagon)
11343
11364
11380
11390-11391
12014
12044-12045 (Ferny Groove)
13066
13074
13113 (Wacol)
13119 (Gailes)
13124
13134 (Greenbank RSL)
13175 (Browns Plains PLaza)
14020
14033
14046
14053
14097,14098 (mt petrie)
14105

18003,18004,18007,18009,18010,18011,18017 (Shorncliffe)
18055,18056 (Dutton Park Place)
19003
19010
19018
19022
19050
61018
62000
62004
202462
300014-300016 (Pacific Fair)
300017
300028 (Helensvale)
300033 (Nerang)
300036 (Ormeau)
300039, 300040 (Robina)
300048
300049,300050 (Surfers Paradise)
300111,300112,300113 (Labrador)
300117
300172
300174-300176
300179,300180
300186
300199,300200
300230,300231
300234
300261,300270
300287
300295
300314
300315
300339
300342
300347
300358
300360
300363-300366
300368
300370
300387
300409
300462
300471
300503,300504
300517
300538.300539
300541
300547
300560
300594.300595
300608.300609
300617,300618
300647-300649
300655
300699
300701-30073
300710
300739
300747
300876,300877
300890-300892
300900
300902
300904
300907
300916
300920-300921

301000
301003
301004
301006
301007

301025
301041
301052
301132,301133
301143,301144
301146,301149
301194,301195
301199,301200
301202
301210
301222
301245-301248
301253,301254
301424,301425
301427,301428
301487
301490,301492
301501
301520
301529
301582,301583
301587
301612-301615
301673
301711
301715,301716
301726
301730
301741,301742
301763
301839
301849
301888
301921-301923
301927
301956
301958,301959
302036,302037
302040
302049,302050
302085
302088
302092
302096,302097
302106
302107
302110
302113
302118
302119
302129
302169,302170
302242-302244
302249-302251

310040
310047
310049-310052
310055
310061,310062
310064
310066
310069,310070
310081
310083-310086
310091
310095
310109
310124
310131
310143

310157
310160-310161
310165-310168
310178 (bethinia)
310181-310184
310194
310200
310204,310205
310216
310235
310241-310244
310257
310264,310265
310268
310272
310278,310279
310283
310324.310325
310328-310335
310343,310344
310352,310353
310356-310367
310372
310373
310382
310394
310442-310446
310449,310450
310459,310460
310505-310509
310512
310514
310517-310519
310521
310552,310553
310557,310558
310563-310570
310575
310580
310582,310583
310589
310591-310593
310601,310602
310605
310607
310609,310610
310617
310622
310646

310654,310655
310657,310658
310665
310667-310669
310683-310685
310689
310693-310695
310698
310706,310707
310726,310727
310780
310814-310819
310825-310828
310833
310855
310858-310860
310863
310865
310870
310881
310884
310902
310904,310905
310909,310910
310916-31098
310923-310925
310930-310932
310936
310956
310960-310963
310982-310985
310989
310996,310997
311009-311013
311017
311051-311053
311067
311092
311094-311095
311109
311115
311143
311193
311212,311213
311237
311240
311251
311253
311274,311275
311289
311294
311304
311307
311315
311333,311334
311380
311399
311400
311422,311423
311427,311429
311480,311481
311484,311486
311488,311489
311491
311500
311508
311532
311559,311560
311588,311589
311596,311597
311599
311609-311612
311614
311620-311622
311626,311627
311629
311631
311633
311636
311638,311639
311641
311709
311717
311798
311826
311840
311844
311846
311849-311851
311853
311855,311856
311858
311860
311875
311877
311880-311882
311903
311907,311908
311971-31176
311979,311980
311982
311990
312033,312034
312079
312130,312331
312137,312138
312141-312145
312162
312164,312165
312172,312173
312220,312231
312282-312286
312290-312292
312302,312303
312306-312308
312311
312317,312318
312324
312326
312350
312352,312353
312375-312377
312381
312383
312386,312387
312390
312397-312399
312401
312403.
312406
312409
312413-312415
312418 312419
312421 312422
312467
312473-312477
312492
312497
312501
312509
312520
312531
312551
312557-312559
312561
312579
312608'312609
312643
312653 312654
312662
312664
312666
312667
312671
312674
312680
312685-312687
312689-312691
312702
312743
312745
312768
312772
312774
312808
312826 312827
312845
312875
312968 312969
312971
312973
312987-312993
312999
313005 313006
313073
313096 313097
313099-313101
313106
313109
313111 313112
313125 313126
313130 313131
313134-313137
313145 313146
313155
313188-313199
313207
313210
313220
313221 313222
313227
313230
313257
313337
313341
313356 313357
313360
313373
313380
313395
313397
313401-313403
313406
313408-313411
313415 313416
313434
313436
313441
313460 313461
313509
313540 313541
313559 313562
313606 313607
313610 313611
313617
313619
313621-313622
313626-313628
313630 313631
313635-313644
313647
313659
313665
313786
313788
313845
313913
313972
313978
313988
313890
315094
315172
315306
315309
315580 315581
316061
316072
316381
316463
316555
316674
316724
316888
316946
316972
317211
317551
317598 317599
317602
317608
317616
317632
317634
317645
317646
317650
317654
317659-317661
317667
317708
317723
317731
317743
317751
317755
317756
317761
317762
317768
317769
317770
317801
317804
317812
317814
317906
317907
317924
317938
317939
317951
317954
317969
317970
317971
317985
317986
317993
317994
318020
318053
318055
318059
318064
318065
318069
318082
318103
318213
318283
318319
318397
318628
318920
318941
318942
319010
319094
319163-319166
319202
319206
319207
319209
319214
319224
319229
319246
319257
319258
319288
3193420-319345
319367
319379
319384-319385
319387
319388
319404
319405 
